0 54960
1 54982
2 55006
3 54993
4 54948
5 50510
6 22892
7 15674
8 11685
9 9545
10 7860
11 6365
12 5386
13 4518
14 3871
15 3289
16 2835
17 2429
18 2228
19 2015
20 1852
21 1711
22 1583
23 1472
24 1382
25 1294
26 1230
27 1172
28 1118
29 1066
30 1015
31 976
32 946
33 911
34 876
35 856
36 831
37 800
38 758
39 783
40 935
41 935
42 935
43 935
44 934
45 935
46 935
47 935
48 941
49 942
50 943
51 932
52 922
53 921
54 921
55 922
56 921
57 922
58 918
59 916
60 918
61 917
62 917
63 918
64 918
65 918
66 918
67 919
68 923
69 933
70 936
71 932
72 931
73 933
74 932
75 931
76 931
77 931
78 925
79 926
80 926
81 926
82 927
83 926
84 927
85 935
86 928
87 925
88 930
89 932
90 932
91 931
92 931
93 931
94 931
95 934
96 934
97 934
98 927
99 927
100 927
101 934
102 928
103 926
104 925
105 925
106 925
107 925
108 930
109 931
110 931
111 931
112 933
113 933
114 933
115 933
116 935
117 942
118 927
119 927
120 925
121 926
122 925
123 925
124 925
125 925
126 925
127 926
128 933
129 932
130 934
131 933
132 934
133 943
134 933
135 932
136 930
137 931
138 926
139 925
140 925
141 925
142 924
143 926
144 926
145 927
146 927
147 927
148 935
149 943
150 933
151 933
152 932
153 932
154 931
155 932
156 931
157 930
158 925
159 926
160 926
161 927
162 926
163 928
164 928
165 934
166 926
167 926
168 932
169 932
170 931
171 932
172 930
173 931
174 931
175 932
176 933
177 932
178 927
179 927
180 930
181 935
182 926
183 925
184 926
185 926
186 925
187 925
188 931
189 930
190 931
191 932
192 932
193 933
194 933
195 933
196 935
197 942
198 925
199 926
200 925
201 926
202 925
203 925
204 925
205 925
206 925
207 927
208 932
209 934
210 933
211 933
212 938
213 943
214 51347
215 55284
216 55281
217 55095
218 55082
219 55065
220 55139
221 55106
222 55079
223 55100
224 55071
225 55054
226 55270
227 55280
228 55272
229 55286
230 55280
231 55277
232 55280
233 55304
234 55191
235 55083
236 55052
237 55048
238 55065
239 55041
240 55009
241 55065
242 55096
243 55195
244 55273
245 55275
246 55285
247 55265
248 55277
249 55280
250 55266
251 55277
252 55052
253 55069
254 55065
255 55031
256 55058
257 55084
258 55092
259 55028
260 55121
261 55284
262 55281
263 55277
264 55280
265 55372
266 55281
267 55273
268 55274
269 55190
270 55061
271 55087
272 55062
273 55081
274 55091
275 55061
276 55053
277 55076
278 55247
279 55282
280 55290
281 55286
282 55282
283 55291
284 55282
285 55262
286 55209
287 55036
288 55021
289 55055
290 55091
291 55095
292 55118
293 55095
294 55071
295 55168
296 55290
297 55280
298 55268
299 55270
