0 184439
1 183449
2 183898
3 186006
4 184033
5 184707
6 184490
7 183702
8 185446
9 183288
10 184683
11 183991
12 184522
13 184163
14 184773
15 183826
16 183644
17 185444
18 183216
19 185447
20 183505
21 184028
22 185630
23 183154
24 184589
25 184137
26 184627
27 184800
28 184801
29 183642
30 184312
31 184885
32 183567
33 185484
34 182662
35 183723
36 185463
37 183830
38 184747
39 184414
40 183708
41 185837
42 183389
43 183789
44 184292
45 184965
46 184896
47 185111
48 183229
49 183528
50 186478
51 181754
52 184969
53 183591
54 183582
55 186920
56 183185
57 184080
58 183686
59 184648
60 184896
61 184768
62 183353
63 183564
64 185973
65 184061
66 185312
67 182352
68 184258
69 186513
70 183993
71 183904
72 183721
73 185067
74 185573
75 184335
76 183905
77 183978
78 185070
79 184920
80 184625
81 183388
82 183768
83 186086
84 183477
85 184918
86 183396
87 184016
88 186599
89 183318
90 183663
91 183168
92 184500
93 184534
94 184411
95 183815
96 183923
97 186389
98 183719
99 185348
100 183195
101 184600
102 186285
103 182762
104 184548
105 183868
106 185148
107 184846
108 184492
109 183698
110 184757
111 185215
112 183875
113 185185
114 183206
115 184481
116 185579
117 183692
118 184407
119 184789
