0 193767
1 193762
2 192362
3 192228
4 193446
5 194530
6 192997
7 192975
8 191422
9 193853
10 194060
11 133383
12 127664
13 126251
14 90195
15 94355
16 93294
17 40337
18 47373
19 47775
20 40124
21 40491
22 41070
23 34740
24 36516
25 36415
26 31347
27 32090
28 31496
29 28848
30 28047
31 27622
32 25245
33 23398
34 24550
35 23931
36 19189
37 20667
38 20345
39 16705
40 18024
41 17963
42 14317
43 15019
44 15376
45 12365
46 12291
47 11904
48 10047
49 10042
50 10097
51 8974
52 8289
53 8485
54 7600
55 7562
56 7786
57 6886
58 6240
59 6339
60 6503
61 5333
62 5499
63 5628
64 4526
65 5115
66 5226
67 4158
68 4498
69 4326
70 3847
71 4173
72 4064
73 3498
74 3474
75 3571
76 3197
77 3265
78 3170
79 2870
80 2959
81 3062
82 2985
83 2514
84 2766
85 2732
86 2371
87 2689
88 2500
89 2249
90 2388
91 2468
92 2227
93 2278
94 2323
95 1998
96 2248
97 2317
98 1967
99 2111
100 2035
101 1910
102 2064
103 2012
104 1830
105 1857
106 1901
107 1958
108 1679
109 1809
110 1801
111 1591
112 1820
113 1808
114 1512
115 1694
116 1661
117 1538
118 1684
119 1581
120 1457
121 1529
122 1601
123 1476
124 1477
125 1524
126 1346
127 1496
128 1532
129 1459
130 1330
131 1390
132 1447
133 1304
134 1395
135 1389
136 1201
137 1375
138 1404
139 1226
140 1298
141 1297
142 1171
143 1304
144 1322
145 1114
146 1238
147 1228
148 1154
149 1250
150 1176
151 1210
152 1058
153 1226
154 1232
155 1037
156 1158
157 1120
158 1064
159 1168
160 1119
161 1007
162 1056
163 1118
164 1014
165 1079
166 1067
167 936
168 1050
169 1075
170 1068
171 916
172 990
173 1028
174 931
175 1046
176 979
177 874
178 981
179 1022
180 921
181 940
182 946
183 849
184 964
185 981
186 848
187 905
188 895
189 956
190 855
191 905
192 893
193 650
194 875
195 886
196 791
197 848
198 842
199 791
200 919
201 918
202 796
203 872
204 902
205 924
206 841
207 873
208 883
209 800
210 914
211 937
212 785
213 887
214 874
215 826
216 929
217 886
218 812
219 860
220 921
221 868
222 871
223 899
224 865
225 829
226 923
227 908
228 668
229 854
230 879
231 801
232 893
233 855
234 737
235 769
236 863
237 877
238 749
239 857
240 853
241 805
242 899
243 840
244 779
245 843
246 891
247 694
248 815
249 845
250 771
251 794
252 846
253 819
254 742
255 797
256 841
257 645
258 820
259 809
260 718
261 825
262 840
263 750
264 779
265 804
266 738
267 832
268 839
269 784
270 682
271 795
272 833
273 744
274 783
275 803
276 578
277 799
278 800
279 707
280 614
281 727
282 766
283 687
284 752
285 758
286 735
287 772
288 778
289 756
290 710
291 683
292 743
293 805
294 806
295 742
296 730
297 739
298 769
299 816
300 761
301 754
302 726
303 754
304 787
305 769
306 785
307 733
308 762
309 761
310 753
311 796
312 758
313 764
314 753
315 743
316 762
317 764
318 794
319 769
320 737
321 736
322 748
323 795
324 793
325 775
326 718
327 741
328 761
329 798
330 817
331 731
332 738
333 733
334 770
335 817
336 770
337 756
338 722
339 754
340 783
341 778
342 794
343 736
344 746
345 768
346 753
347 787
348 156686
349 192777
350 193783
351 192266
352 192346
353 191699
354 193074
355 193906
356 191638
357 191970
358 191887
359 193427
360 193097
361 192238
362 192003
363 192823
364 194067
365 192205
366 192829
367 191238
368 193386
369 194042
370 191736
371 192390
372 191781
373 194039
374 193298
375 192102
376 191704
377 193043
378 193952
379 192510
380 193126
381 191061
382 193404
383 193693
384 192060
385 192603
386 191795
387 193908
388 193797
389 191738
390 192257
391 192938
392 193550
393 193020
394 192581
395 191716
396 193312
397 193733
398 192189
399 192735
400 191798
401 193724
402 194097
403 191415
404 192260
405 192475
406 193378
407 193417
408 192225
409 191322
410 193071
411 193694
412 192356
413 192860
414 190911
415 193769
416 194137
417 191693
418 192078
419 192188
420 194192
421 193229
422 192196
423 190793
424 193046
425 193888
426 192290
427 192761
428 191209
429 193530
430 193713
431 192238
432 191984
433 192248
434 193571
435 193527
436 192069
437 191556
438 192930
439 193753
440 192880
441 192312
442 191589
443 193024
444 193796
445 192441
446 191965
447 191641
448 193674
449 194170
450 191426
451 191884
452 192674
453 193834
454 193438
455 191874
456 191607
457 193273
458 194138
459 192065
460 193003
461 191086
462 193978
463 194304
464 191349
465 192123
466 192369
467 193692
468 193316
469 192127
470 191592
471 193376
472 193841
473 192278
474 192910
475 191337
476 193775
477 194133
478 192123
479 192513
480 192178
481 193778
482 193634
483 191754
484 192008
485 192816
486 193649
487 192917
488 192486
489 191433
490 193393
491 193981
492 191863
493 192528
494 191881
495 193806
496 193758
497 191392
498 192497
499 192746
500 193971
501 192900
502 192322
503 191343
504 191960
505 193649
506 192208
507 193180
508 191030
509 194118
510 193710
511 191728
512 191911
513 192647
514 193985
515 192750
516 192183
517 191997
518 193569
519 193455
520 192563
521 192810
522 191308
523 193590
524 193438
525 192122
526 192342
527 192374
528 193479
529 193671
530 191710
531 192270
532 192858
533 193268
534 192701
535 192675
536 191556
537 193516
538 193622
539 191919
540 192650
541 191847
542 193035
543 193923
544 189925
545 191382
546 192674
547 193400
548 192847
549 192717
550 191452
551 193143
552 193436
553 192401
554 193132
555 190945
556 193379
557 193611
558 192002
559 192601
560 192440
561 192851
562 192777
563 192370
564 191733
565 192860
566 193239
567 192640
568 193011
569 191567
570 192784
571 193760
572 192128
573 192652
574 191607
575 193065
576 193654
577 191943
578 192405
579 191892
580 193892
581 192593
582 192758
583 191703
584 192630
585 193881
586 191889
587 193536
588 190992
589 193220
590 193767
591 191410
592 192663
593 191784
594 193632
595 192808
596 192849
597 191610
598 192787
599 193745
600 192018
601 192923
602 191202
603 193477
604 193985
605 191501
606 192425
607 191847
608 193969
609 193139
610 192419
611 191887
612 192845
613 194034
614 192488
615 192845
616 191433
617 193362
618 193837
619 191690
620 192543
621 191908
622 193801
623 193353
624 191978
625 191968
626 192869
627 194071
628 192241
629 192784
630 191102
631 193390
632 193795
633 191764
634 192757
635 191514
636 194025
637 193781
638 191774
639 191951
640 192784
641 193801
642 192907
643 192728
644 190937
645 193281
646 193666
647 192151
648 192362
649 191345
650 193621
651 193973
652 191787
653 191797
654 192572
655 193315
656 193148
657 191716
658 191452
659 193104
660 193852
661 192315
662 192383
663 191737
664 193293
665 193704
666 191643
667 192511
668 191787
669 193418
670 193298
671 191738
672 191620
673 192568
674 193670
675 192595
676 192590
677 191476
678 193658
679 193844
680 191603
681 192839
682 191642
683 193724
684 193590
685 191891
686 191918
687 192594
688 193552
689 192691
690 192645
691 191545
692 193237
693 193612
694 192240
695 193091
696 191276
697 193413
698 194127
699 191694
700 192355
701 192568
702 193775
703 193065
704 192398
705 191958
706 193196
707 194025
708 192314
709 192852
710 191382
711 193343
712 193975
713 191636
714 192676
715 191989
716 194136
717 193331
718 192241
719 192089
