0 190110
1 191445
2 190480
3 191167
4 190461
5 190093
6 191454
7 190501
8 190520
9 190526
10 190203
11 190633
12 191210
13 190057
14 190055
15 190907
16 190421
17 191120
18 190275
19 189957
20 191205
21 190657
22 190552
23 190481
24 190068
25 189381
26 6250
27 699
28 489
29 480
30 484
31 456
32 464
33 465
34 458
35 473
36 462
37 483
38 476
39 455
40 471
41 465
42 477
43 458
44 461
45 473
46 479
47 470
48 456
49 462
50 464
51 473
52 474
53 464
54 482
55 454
56 470
57 468
58 465
59 467
60 458
61 478
62 478
63 467
64 466
65 452
66 477
67 464
68 475
69 465
70 473
71 470
72 463
73 475
74 457
75 460
76 470
77 472
78 492
79 456
80 461
81 467
82 471
83 474
84 457
85 469
86 476
87 472
88 468
89 463
90 452
91 455
92 477
93 470
94 481
95 465
96 453
97 476
98 463
99 473
100 463
101 460
102 498
103 463
104 475
105 454
106 456
107 478
108 467
109 481
110 472
111 151469
112 190655
113 190033
114 190163
115 189432
116 189576
117 190776
118 189951
119 189470
120 189795
121 189831
122 190629
123 190312
124 189369
125 189490
126 190392
127 190044
128 190454
129 189560
130 189006
131 191006
132 189577
133 190184
134 189647
135 189192
136 190633
137 189955
138 189614
139 189472
140 190212
141 190017
142 190994
143 189045
144 188873
145 190878
146 189700
147 190712
148 188914
149 189018
150 190499
151 190389
152 189790
153 189410
154 189913
155 190159
156 191194
157 189044
158 189114
159 190708
160 189866
161 190834
162 189755
163 188950
164 190602
165 190349
166 189997
167 189755
168 189131
169 190449
170 190724
171 189355
172 189212
173 190506
174 190091
175 190908
176 188823
177 189070
178 191027
179 189818
180 190439
181 189293
182 189313
183 190584
184 190538
185 189005
186 189069
187 190018
188 190142
189 190709
190 188819
191 189050
192 191100
193 190266
194 189845
195 189172
196 189191
197 190731
198 190399
199 189388
200 189441
201 189796
202 190790
203 189825
204 189056
205 189097
206 190956
207 190237
208 190106
209 189079
210 189177
211 191293
212 189542
213 189601
214 189572
215 189636
216 190819
217 189783
218 189334
219 189171
220 190944
221 189904
222 190687
223 188618
224 189255
225 191448
226 189334
227 190146
228 189240
229 190061
230 190461
231 189937
232 189278
233 189593
234 190946
235 189905
236 190818
237 189251
238 189402
239 191093
240 189529
241 190263
242 189639
243 189308
244 190419
245 190029
246 189751
247 189881
248 190221
249 189914
250 190470
251 189601
252 189131
253 190715
254 189399
255 191011
256 189278
257 188523
258 190443
259 189587
260 190354
261 189564
262 189883
263 189629
264 190282
265 189867
266 189300
267 190092
268 189355
269 191142
270 189079
271 189388
272 190189
273 189574
274 191023
275 189792
276 188923
277 189514
278 190239
279 189901
280 190018
281 189263
282 189884
283 191161
284 189259
285 189021
286 189987
287 189625
288 191104
289 189782
290 188681
291 190217
292 190427
293 190203
294 189480
295 188749
296 190005
297 191085
298 190017
299 188907
