0 192359
1 193345
2 191635
3 192315
4 190794
5 7416
6 794
7 505
8 491
9 453
10 465
11 383
12 461
13 468
14 454
15 468
16 499
17 471
18 465
19 461
20 465
21 480
22 478
23 462
24 484
25 460
26 482
27 484
28 450
29 472
30 458
31 484
32 500
33 478
34 470
35 451
36 476
37 482
38 466
39 473
40 457
41 494
42 480
43 467
44 467
45 458
46 472
47 483
48 478
49 482
50 455
51 468
52 479
53 482
54 459
55 468
56 468
57 500
58 486
59 456
60 471
61 461
62 481
63 485
64 464
65 487
66 472
67 478
68 480
69 466
70 471
71 451
72 480
73 486
74 488
75 468
76 453
77 475
78 477
79 477
80 466
81 459
82 488
83 500
84 479
85 453
86 460
87 466
88 481
89 484
90 460
91 481
92 141449
93 193507
94 193302
95 191279
96 190672
97 192406
98 192978
99 192698
100 191377
101 190682
102 192986
103 193199
104 192092
105 191393
106 191315
107 192804
108 193620
109 191074
110 191556
111 192371
112 193072
113 193156
114 191336
115 191192
116 192965
117 193490
118 192155
119 192172
120 190591
121 193359
122 193700
123 191399
124 191805
125 191836
126 193451
127 182376
128 191566
129 191226
130 192865
131 193156
132 192288
133 192274
134 190740
135 193425
136 193517
137 191870
138 191695
139 191891
140 192826
141 193326
142 191413
143 191632
144 192513
145 192983
146 192698
147 192144
148 191260
149 192950
150 193479
151 191893
152 192306
153 191560
154 193310
155 193628
156 191257
157 191940
158 192162
159 193445
160 192485
161 192229
162 191280
163 192777
164 193613
165 191795
166 192736
167 190699
168 193071
169 193128
170 191367
171 191853
172 191792
173 193530
174 192626
175 191948
176 191457
177 192656
178 192879
179 192386
180 192384
181 190667
182 193260
183 193113
184 190774
185 191798
186 191824
187 193191
188 193362
189 191485
190 191533
191 192568
192 193096
193 192455
194 192312
195 191210
196 193054
197 193453
198 191678
199 192202
200 191064
201 192763
202 193270
203 191153
204 192162
205 192261
206 193167
207 192391
208 192069
209 191081
210 192910
211 193064
212 191956
213 192678
214 190731
215 193168
216 193295
217 191382
218 191728
219 191914
220 192629
221 192736
222 191773
223 191266
224 192740
225 192656
226 192176
227 192583
228 191072
229 192470
230 193423
231 191764
232 192085
233 191821
234 192609
235 193352
236 191385
237 191552
238 192078
239 192859
240 192315
241 192254
242 191187
243 192439
244 193424
245 191864
246 192358
247 191332
248 192803
249 193322
250 191157
251 191661
252 189477
253 193384
254 192713
255 191867
256 190880
257 192278
258 193322
259 191856
260 192734
261 190582
262 192882
263 193352
264 191738
265 191700
266 191571
267 193073
268 193179
269 191483
270 191540
271 192132
272 193345
273 192508
274 192431
275 190905
276 192692
277 193547
278 191585
279 192602
280 190916
281 192743
282 193436
283 191247
284 191971
285 191658
286 193452
287 192642
288 192355
289 191400
290 192635
291 193397
292 191117
293 191701
294 190564
295 193466
296 193582
297 191544
298 191941
299 191903
