0 190253
1 191669
2 190941
3 189340
4 189685
5 190532
6 191286
7 189832
8 190465
9 188886
10 191474
11 191332
12 188542
13 126315
14 125489
15 123308
16 88035
17 92587
18 88545
19 70905
20 74376
21 72157
22 55535
23 59473
24 58221
25 44631
26 49229
27 48044
28 37113
29 39989
30 40527
31 30700
32 32028
33 32414
34 26714
35 29410
36 29500
37 24087
38 25311
39 24814
40 21546
41 22366
42 21776
43 18422
44 17276
45 17760
46 15790
47 15556
48 15536
49 13728
50 13745
51 14011
52 12622
53 10771
54 10754
55 10899
56 8696
57 9368
58 9075
59 7283
60 7963
61 8166
62 6703
63 6675
64 6893
65 5744
66 6370
67 6380
68 5203
69 5370
70 5211
71 4757
72 4751
73 4580
74 4212
75 4001
76 4318
77 4030
78 1383
79 2681
80 2593
81 2431
82 2529
83 2526
84 2409
85 2181
86 2394
87 2398
88 2086
89 2187
90 2204
91 1945
92 2163
93 2188
94 1813
95 2042
96 2000
97 1833
98 2015
99 1900
100 1762
101 1820
102 1896
103 1743
104 1755
105 1820
106 1622
107 1691
108 1758
109 1707
110 1522
111 1617
112 1695
113 1483
114 1622
115 1587
116 1399
117 1570
118 1561
119 1419
120 1475
121 1488
122 1339
123 1455
124 1504
125 1280
126 1410
127 1384
128 1407
129 1287
130 1338
131 1373
132 1176
133 1343
134 1380
135 1169
136 1309
137 1246
138 1157
139 1294
140 1249
141 1135
142 1180
143 1204
144 1141
145 1075
146 1148
147 1132
148 747
149 1094
150 1097
151 934
152 1047
153 1019
154 986
155 1053
156 992
157 986
158 930
159 1026
160 1035
161 873
162 986
163 948
164 883
165 990
166 952
167 869
168 907
169 951
170 875
171 921
172 926
173 817
174 899
175 932
176 877
177 836
178 873
179 876
180 814
181 892
182 844
183 760
184 829
185 876
186 789
187 809
188 844
189 684
190 836
191 839
192 675
193 781
194 758
195 806
196 579
197 759
198 765
199 552
200 760
201 766
202 681
203 695
204 714
205 739
206 631
207 742
208 718
209 603
210 716
211 730
212 622
213 626
214 691
215 692
216 529
217 710
218 666
219 574
220 661
221 687
222 630
223 548
224 652
225 636
226 523
227 666
228 644
229 538
230 614
231 645
232 597
233 639
234 635
235 627
236 591
237 660
238 664
239 482
240 619
241 633
242 588
243 637
244 605
245 557
246 616
247 636
248 591
249 607
250 622
251 602
252 592
253 658
254 628
255 573
256 613
257 644
258 610
259 639
260 660
261 612
262 644
263 658
264 650
265 656
266 675
267 689
268 668
269 676
270 638
271 652
272 682
273 700
274 716
275 632
276 652
277 644
278 679
279 716
280 677
281 685
282 634
283 675
284 681
285 653
286 691
287 665
288 696
289 671
290 659
291 657
292 640
293 692
294 703
295 699
296 648
297 643
298 656
299 670
300 707
301 672
302 680
303 646
304 673
305 680
306 639
307 688
308 677
309 708
310 677
311 643
312 665
313 635
314 699
315 704
316 683
317 657
318 634
319 664
320 670
321 687
322 685
323 671
324 665
325 670
326 663
327 651
328 681
329 26366
330 191396
331 190605
332 190554
333 189323
334 191157
335 191083
336 190095
337 190776
338 189666
339 191330
340 191093
341 189602
342 189955
343 190250
344 190860
345 191078
346 190033
347 189732
348 191276
349 191122
350 190265
351 190859
352 189122
353 191307
354 191492
355 189527
356 190601
357 189895
358 190794
359 191633
360 189730
361 189707
362 190762
363 191037
364 190373
365 191065
366 189102
367 190927
368 191423
369 190066
370 190559
371 189353
372 191011
373 191529
374 189883
375 189937
376 190270
377 191170
378 190812
379 190417
380 189347
381 190505
382 191338
383 190576
384 190737
385 188998
386 190579
387 191627
388 189487
389 190194
390 189920
391 190905
392 191517
393 189974
394 189610
395 190124
396 191749
397 190260
398 190696
399 188944
400 190511
401 191981
402 189667
403 190537
404 189276
405 191137
406 191421
407 189469
408 189903
409 190041
410 191825
411 190600
412 190691
413 189101
414 190836
415 191594
416 189080
417 190659
418 188918
419 191405
420 191804
421 189438
422 189961
423 190198
424 191516
425 191075
426 190079
427 189181
428 190952
429 191690
430 190278
431 191001
432 188720
433 191118
434 191629
435 189477
436 190148
437 189904
438 191438
439 191465
440 189716
441 189575
442 190785
443 191804
444 190380
445 190762
446 188932
447 191385
448 191610
449 189913
450 190592
451 189627
452 191739
453 191917
454 189504
455 189559
456 190581
457 191264
458 190723
459 190491
460 188895
461 191421
462 191542
463 190269
464 190080
465 189842
466 191149
467 191799
468 189814
469 189511
470 190491
471 191539
472 191264
473 189725
474 189355
475 190960
476 191737
477 190414
478 190132
479 189324
480 191246
481 191631
482 189759
483 180888
484 170463
485 191685
486 191498
487 189264
488 189526
489 190526
490 191559
491 190632
492 190290
493 189078
494 191212
495 191505
496 189982
497 189979
498 189320
499 191663
500 191853
501 189813
502 189621
503 190556
504 191219
505 191595
506 189957
507 189214
508 190927
509 191353
510 190755
511 190675
512 188948
513 191211
514 191776
515 189468
516 190162
517 190071
518 191254
519 191731
520 189704
521 189620
522 190661
523 190340
524 190053
525 189366
526 188849
527 191306
528 191936
529 189860
530 190421
531 189526
532 191335
533 191385
534 189500
535 189457
536 190502
537 189787
538 190255
539 190346
540 189146
541 191316
542 191608
543 189881
544 190470
545 189107
546 191535
547 191623
548 189380
549 189826
550 190368
551 191544
552 191266
553 189701
554 189286
555 190937
556 191358
557 190515
558 190156
559 189007
560 191181
561 191362
562 189499
563 190000
564 189752
565 191489
566 191509
567 189125
568 189698
569 190481
570 191126
571 190825
572 190036
573 189008
574 191680
575 191241
576 190127
577 190087
578 189405
579 191350
580 191250
581 189767
582 189661
583 190703
584 190756
585 191267
586 189711
587 189145
588 190972
589 191104
590 190783
591 190289
592 189492
593 190666
594 191681
595 189969
596 189794
597 190103
598 190733
599 191744
600 189536
601 189216
602 190555
603 191227
604 191244
605 189678
606 188788
607 190811
608 191717
609 190292
610 189875
611 189437
612 190832
613 191544
614 189999
615 189200
616 189966
617 191163
618 191692
619 189524
620 188851
621 190521
622 191332
623 191422
624 189443
625 189187
626 190768
627 191508
628 190621
629 189205
630 189618
631 191278
632 191883
633 189629
634 188192
635 190135
636 191498
637 191921
638 189927
639 188651
640 190797
641 191781
642 190478
643 189710
644 189116
645 191180
646 191956
647 189982
648 188980
649 190085
650 191609
651 191954
652 189249
653 188677
654 190869
655 191566
656 191091
657 189731
658 189084
659 191586
660 191764
661 190172
662 189250
663 190295
664 191525
665 192445
666 189692
667 189006
668 191031
669 191502
670 192528
671 189465
672 189021
673 191484
674 192044
675 191077
676 189388
677 189957
678 191195
679 191942
680 189895
681 189236
682 190419
683 191942
684 192384
685 189249
686 188722
687 191190
688 191686
689 191414
690 189166
691 189074
692 191703
693 191530
694 190378
695 189270
696 189806
697 191356
698 191810
699 189846
700 188655
701 190959
702 191276
703 192094
704 189369
705 188725
706 191195
707 191615
708 190983
709 189345
710 189991
711 191481
712 191853
713 190050
714 189322
715 190577
716 191490
717 192139
718 189313
719 189546
