0 55394
1 55307
2 55112
3 55088
4 55128
5 55149
6 55154
7 55135
8 53909
9 3667
10 1198
11 971
12 965
13 944
14 942
15 942
16 943
17 943
18 942
19 941
20 958
21 938
22 939
23 939
24 940
25 937
26 940
27 945
28 952
29 938
30 940
31 941
32 944
33 944
34 944
35 951
36 959
37 943
38 942
39 943
40 942
41 940
42 941
43 945
44 951
45 938
46 938
47 940
48 940
49 940
50 942
51 951
52 958
53 943
54 942
55 943
56 943
57 944
58 944
59 951
60 956
61 937
62 938
63 939
64 939
65 938
66 941
67 946
68 952
69 938
70 940
71 943
72 944
73 944
74 946
75 951
76 959
77 941
78 942
79 940
80 943
81 940
82 941
83 945
84 951
85 938
86 934
87 940
88 939
89 940
90 944
91 952
92 9965
93 55391
94 55376
95 55392
96 55398
97 55389
98 55386
99 55220
100 55143
101 55175
102 55166
103 55173
104 55154
105 55137
106 55174
107 55127
108 55367
109 55410
110 55400
111 55387
112 55391
113 55391
114 55397
115 55393
116 55300
117 55197
118 55148
119 55142
120 55157
121 55172
122 55152
123 55157
124 55172
125 55297
126 55414
127 55385
128 55368
129 55393
130 55397
131 55387
132 55389
133 55390
134 55112
135 55180
136 55138
137 55147
138 55144
139 55118
140 55132
141 55127
142 55163
143 55393
144 55407
145 55392
146 55403
147 55386
148 55444
149 55392
150 55390
151 55226
152 55114
153 55132
154 55145
155 55136
156 55143
157 55117
158 55123
159 55140
160 55353
161 55379
162 55386
163 55396
164 55412
165 55400
166 55399
167 55382
168 55302
169 55183
170 55128
171 55127
172 55199
173 55139
174 55125
175 55170
176 55142
177 55264
178 55389
179 55371
180 55394
181 55386
182 55399
183 55424
184 55408
185 55402
186 55144
187 55120
188 55146
189 55171
190 55159
191 55108
192 55109
193 55100
194 55225
195 55392
196 55481
197 55393
198 55393
199 55393
200 55397
201 55429
202 55381
203 55234
204 55160
205 55121
206 55134
207 55165
208 55143
209 55151
210 55158
211 55125
212 55381
213 55388
214 55398
215 55390
216 55396
217 55397
218 55388
219 55392
220 55453
221 55149
222 55096
223 55143
224 55151
225 55138
226 55120
227 55157
228 55141
229 55267
230 55387
231 55393
232 55400
233 55402
234 55399
235 55386
236 55392
237 55396
238 55156
239 55120
240 55182
241 55159
242 55135
243 55134
244 55194
245 55142
246 55241
247 55392
248 55394
249 55389
250 55386
251 55386
252 55384
253 55394
254 55375
255 55233
256 55120
257 55127
258 55169
259 55139
260 55150
261 55159
262 55098
263 55158
264 55378
265 55400
266 55390
267 55403
268 55469
269 55391
270 55398
271 55412
272 55302
273 55154
274 55144
275 55132
276 55136
277 55114
278 55140
279 55150
280 55148
281 55331
282 55385
283 55396
284 55397
285 55377
286 55387
287 55392
288 55406
289 55399
290 55108
291 55137
292 55148
293 55125
294 55147
295 55139
296 55135
297 55129
298 55180
299 55401
