0 192129
1 190871
2 189355
3 192198
4 192702
5 191247
6 190190
7 107215
8 1119
9 621
10 477
11 477
12 452
13 480
14 482
15 472
16 458
17 455
18 487
19 492
20 478
21 456
22 455
23 477
24 486
25 483
26 466
27 473
28 483
29 478
30 481
31 460
32 458
33 471
34 484
35 492
36 475
37 456
38 463
39 478
40 480
41 471
42 464
43 467
44 489
45 476
46 474
47 462
48 454
49 484
50 481
51 487
52 466
53 454
54 477
55 461
56 484
57 458
58 453
59 484
60 487
61 481
62 463
63 459
64 463
65 477
66 485
67 474
68 470
69 462
70 473
71 476
72 472
73 463
74 460
75 482
76 499
77 485
78 462
79 453
80 478
81 478
82 483
83 449
84 459
85 485
86 477
87 481
88 459
89 456
90 471
91 476
92 491
93 480
94 58435
95 191210
96 192267
97 192400
98 190379
99 189736
100 191773
101 192397
102 191882
103 190670
104 190187
105 191637
106 192395
107 191415
108 190294
109 191327
110 191873
111 192503
112 190699
113 189945
114 190450
115 192424
116 192323
117 190426
118 190280
119 191601
120 192473
121 191692
122 190698
123 190074
124 192351
125 192645
126 190708
127 190638
128 191086
129 192594
130 192886
131 190379
132 189943
133 191815
134 192713
135 191797
136 191134
137 190003
138 192701
139 192663
140 191367
141 189963
142 191117
143 192073
144 192951
145 190981
146 189626
147 191707
148 192206
149 192379
150 190472
151 189901
152 192706
153 192464
154 192083
155 190079
156 191164
157 192333
158 193061
159 190550
160 189778
161 191590
162 191953
163 193724
164 190568
165 189974
166 192456
167 192915
168 191400
169 190299
170 190941
171 192013
172 193615
173 190865
174 189703
175 191690
176 192783
177 192895
178 190098
179 189444
180 191784
181 192910
182 192041
183 190123
184 190441
185 192746
186 192804
187 190983
188 189586
189 191580
190 192784
191 192904
192 190190
193 189474
194 192003
195 192362
196 192456
197 189653
198 190213
199 192489
200 192792
201 191521
202 190224
203 191314
204 192624
205 193230
206 190691
207 189878
208 191504
209 192364
210 193098
211 190495
212 190117
213 191948
214 192463
215 192034
216 190326
217 190593
218 192759
219 192835
220 190812
221 189683
222 191390
223 191266
224 192690
225 190514
226 189691
227 192317
228 192314
229 192153
230 190344
231 190349
232 192097
233 192490
234 191214
235 190329
236 191576
237 192420
238 192479
239 190672
240 189929
241 192044
242 192563
243 192644
244 189981
245 189920
246 192424
247 192776
248 191525
249 189578
250 190865
251 192305
252 192484
253 190594
254 190615
255 191710
256 192544
257 192289
258 190722
259 190055
260 192253
261 192626
262 191798
263 190982
264 190150
265 192655
266 192372
267 190948
268 190310
269 191161
270 192656
271 192271
272 191215
273 189827
274 191920
275 191745
276 192154
277 190686
278 189822
279 192116
280 191896
281 191873
282 189960
283 191003
284 191412
285 192993
286 190475
287 189885
288 191723
289 191720
290 191133
291 190061
292 189952
293 191693
294 192166
295 191705
296 190009
297 190568
298 191857
299 193042
