0 91862
1 91445
2 90281
3 89598
4 90751
5 89725
6 88716
7 89637
8 84089
9 83284
10 80702
11 82462
12 82369
13 80592
14 82357
15 81178
16 80373
17 81956
18 81497
19 84365
20 81910
21 80848
22 82703
23 82391
24 83433
25 80854
26 80553
27 81628
28 81966
29 84018
30 81459
31 80808
32 82730
33 82813
34 82270
35 80855
36 80658
37 81651
38 82945
39 83669
40 81128
41 81070
42 82653
43 82477
44 82401
45 80790
46 80787
47 81970
48 83513
49 82936
50 81044
51 81903
52 82550
53 82223
54 82469
55 80365
56 80733
57 82159
58 82765
59 83264
60 81057
61 81394
62 82393
63 82465
64 81968
65 80546
66 81011
67 81284
68 83687
69 82457
70 81101
71 82057
72 82548
73 81813
74 82061
75 80588
76 81512
77 81982
78 83228
79 82278
80 81246
81 82345
82 82008
83 81840
84 81326
85 80698
86 81503
87 82810
88 82729
89 82123
90 81116
91 82891
92 81224
93 82131
94 81366
95 80725
96 81869
97 82687
98 82661
99 81662
100 80696
101 82521
102 80739
103 82318
104 81254
105 80478
106 82815
107 82838
108 81377
109 89266
110 88669
111 90017
112 89459
113 90611
114 89432
115 88657
116 90075
117 89287
118 90638
119 89066
120 88758
121 89809
122 89555
123 90687
124 89177
125 88815
126 90109
127 89739
128 90711
129 89131
130 88864
131 89877
132 89816
133 90816
134 88873
135 89035
136 89668
137 90011
138 90546
139 88931
140 89162
141 89692
142 90191
143 90465
144 88878
145 89303
146 89542
147 90435
148 90351
149 89290
150 89210
151 89330
152 90352
153 90129
154 89212
155 89201
156 89303
157 90332
158 89987
159 89081
160 89196
161 89347
162 90636
163 89769
164 89384
165 88948
166 89458
167 90612
168 89803
169 89227
170 89162
171 89541
172 90656
173 89750
174 89295
175 89210
176 89531
177 90733
178 89426
179 89292
180 89244
181 89603
182 90666
183 89569
184 89011
185 89504
186 89586
187 90766
188 89263
189 89041
190 89441
191 89640
192 90817
193 89015
194 89210
195 89427
196 90022
197 90867
198 89134
199 89025
200 89651
201 89772
202 90818
203 89069
204 89114
205 89637
206 90013
207 90657
208 88994
209 88823
210 89426
211 89981
212 90511
213 88918
214 88721
215 89632
216 89715
217 90481
218 88994
219 89005
220 89679
221 90353
222 90150
223 89133
224 88803
225 89706
226 90263
227 90025
228 89038
229 89059
230 89511
231 90400
232 89798
233 89195
234 89097
235 89543
236 90678
237 89772
238 89389
239 89155
240 89554
241 90350
242 89559
243 89627
244 89228
245 89411
246 90608
247 89474
248 89750
249 89053
250 89678
251 90620
252 89376
253 89572
254 88983
255 89554
256 90528
257 89404
258 89729
259 89090
260 89502
261 90604
262 89240
263 90165
264 89211
265 89929
266 90592
267 89050
268 89921
269 89404
270 89969
271 90638
272 88818
273 89778
274 88836
275 89773
276 90420
277 88888
278 89998
279 89085
280 91250
281 93225
282 91684
283 92516
284 91957
285 92648
286 91096
287 88963
288 89589
289 89407
290 90295
291 90306
292 88910
293 89479
294 89502
295 90243
296 90100
297 89258
298 89163
299 89376
300 90132
301 89851
302 89262
303 89277
304 89328
305 90151
306 89795
307 89633
308 89046
309 89461
310 89774
311 89986
312 89452
313 89217
314 89367
315 90250
316 89691
317 89661
318 89367
319 89562
320 89995
321 89648
322 89903
323 89075
324 89485
325 89981
326 89592
327 89956
328 89127
329 89545
330 90080
331 89001
332 89916
333 88832
334 89485
335 90280
336 89362
337 90009
338 88828
339 89519
340 90558
341 89334
342 89788
343 88912
344 88293
345 90478
346 89063
347 90078
348 88800
349 89462
350 90649
351 89176
352 89979
353 88932
354 89513
355 90702
356 88969
357 90096
358 88743
359 89833
360 90756
361 88894
362 90073
363 88806
364 89840
365 90283
366 88951
367 89694
368 88922
369 89931
370 90284
371 89091
372 89757
373 88932
374 90184
375 90091
376 89398
377 89743
378 89198
379 90187
380 90032
381 89506
382 89398
383 89144
384 90332
385 89908
386 88559
387 89383
388 89042
389 90418
390 89705
391 89881
392 89308
393 89449
394 90292
395 89470
396 89599
397 89002
398 89530
399 90583
400 89349
401 89817
402 89037
403 89399
404 90564
405 89362
406 89612
407 88779
408 89423
409 90205
410 89463
411 89789
412 89055
413 89559
414 90226
415 89087
416 89763
417 88710
418 89697
419 90191
420 89191
421 89867
422 88472
423 89656
424 90202
425 89133
426 89776
427 88570
428 89597
429 90357
430 88866
431 89801
432 88568
433 89946
434 90479
435 88904
436 89528
437 88704
438 89738
439 90342
440 88767
441 89770
442 88779
443 89746
444 90317
445 88326
446 89836
447 88788
448 89943
449 90285
450 88956
451 89577
452 88677
453 90190
454 90286
455 88911
456 89896
457 88696
458 90397
459 92771
460 91779
461 92343
462 91500
463 92162
464 89794
465 88932
466 89544
467 89062
468 90211
469 89699
470 89074
471 89662
472 89078
473 90623
474 89560
475 89263
476 89614
477 89230
478 90405
479 89527
480 89189
481 89396
482 89285
483 90604
484 89277
485 89334
486 89305
487 89335
488 90467
489 89163
490 89720
491 89430
492 89638
493 90265
494 89239
495 89586
496 89140
497 89627
498 90359
499 89059
500 89901
501 89115
502 89815
503 90173
504 89085
505 89760
506 89078
507 89714
508 90383
509 88910
510 90087
511 89268
512 89856
513 90456
514 88715
515 90043
516 88918
517 89949
518 90189
519 88828
520 90335
521 89177
522 89884
523 90303
524 88632
525 90179
526 88797
527 89715
528 90153
529 88547
530 90440
531 89174
532 90002
533 89812
534 89245
535 90363
536 89002
537 89659
538 89584
539 88977
540 90509
541 89007
542 90234
543 89467
544 89165
545 90395
546 88813
547 89860
548 89442
549 89236
550 90074
551 88836
552 89647
553 89598
554 89419
555 90348
556 88652
557 89710
558 89372
559 89644
560 90119
561 88799
562 89674
563 89572
564 89535
565 90195
566 89042
567 89903
568 89362
569 89483
570 89741
571 89034
572 89916
573 89257
574 89793
575 89766
576 89071
577 89636
578 89213
579 89643
580 89493
581 88917
582 90090
583 89031
584 89780
585 89281
586 89063
587 89888
588 89152
589 89730
590 89242
591 89007
592 90007
593 89201
594 89980
595 89322
596 89146
597 90225
598 89021
599 89942
600 88987
601 89298
602 90108
603 89111
604 90095
605 89248
606 89379
607 90277
608 88949
609 90322
610 88983
611 89618
612 90462
613 88882
614 90363
615 88876
616 89834
617 90476
618 88846
619 90023
620 88876
621 89830
622 90562
623 88605
624 90265
625 88579
626 89886
627 89926
628 88927
629 90151
630 88671
631 88915
632 89860
633 89069
634 90098
635 88733
636 91468
637 92606
638 91793
639 92821
640 91421
641 91063
642 89706
643 89343
644 89769
645 89959
646 92866
647 92442
648 92116
649 92661
650 91507
651 93121
652 92270
653 92181
654 92751
655 91526
656 93240
657 92151
658 92471
659 92290
660 91746
661 92882
662 91985
663 92442
664 92472
665 91600
666 93278
667 91962
668 92413
669 92322
670 91679
671 93013
672 91420
673 91967
674 92265
675 91788
676 93133
677 92041
678 92451
679 92932
680 92072
681 93086
682 91804
683 92433
684 92484
685 92038
686 93128
687 91952
688 92269
689 92705
690 92082
691 93406
692 91837
693 92548
694 92405
695 92159
696 93382
697 91736
698 92646
699 92398
700 92364
701 93350
702 92048
703 92818
704 92567
705 92369
706 93565
707 91601
708 92848
709 92248
710 92422
711 93149
712 91589
713 93047
714 92238
715 92500
716 93053
717 91576
718 93044
719 92199
720 92558
721 92933
722 91862
723 93398
724 92118
725 92643
726 92628
727 92023
728 93191
729 91928
730 92657
731 92698
732 91987
733 93272
734 91681
735 92761
736 92474
737 92412
738 93483
739 91985
740 92898
741 92151
742 92540
743 93291
744 91949
745 92895
746 91942
747 92395
748 93315
749 91720
750 93033
751 92247
752 92500
753 93192
754 91791
755 93015
756 92207
757 92563
758 93382
759 91725
760 92687
761 92290
762 92467
763 92964
764 91666
765 92897
766 92139
767 92687
768 92773
769 92008
770 92628
771 92093
772 92627
773 92628
774 91925
775 92623
776 92071
777 92932
778 92458
779 92180
780 92787
781 91835
782 92899
783 92344
784 92130
785 92611
786 91804
787 92952
788 92052
789 92149
790 93233
791 92028
792 93155
793 92087
794 92002
795 93105
796 91643
797 93059
798 92323
799 91971
800 93160
801 91524
802 93385
803 92231
804 92197
805 93091
806 91742
807 93256
808 92020
809 92290
810 92861
811 91985
812 93055
813 91995
814 92095
815 92484
816 91792
817 92900
818 91813
819 92207
820 92332
821 92006
822 93137
823 91655
824 92697
825 92195
826 92214
827 93183
828 91715
829 92632
830 92172
831 92255
832 93106
833 91677
834 92854
835 91940
836 92327
837 93226
838 91661
839 92804
840 91792
841 92458
842 92927
843 91613
844 92963
845 91929
846 92566
847 93193
848 91594
849 93043
850 91756
851 92749
852 92843
853 91576
854 92824
855 91958
856 92503
857 92627
858 91626
859 92876
860 91798
861 92603
862 92315
863 91770
864 92979
865 91578
866 92718
867 92165
868 92059
869 93212
870 91721
871 92845
872 92039
873 91869
874 93022
875 91591
876 92950
877 92353
878 92031
879 92919
880 91393
881 92666
882 92305
883 91918
884 92751
885 91514
886 92459
887 92440
888 91975
889 92545
890 91776
891 92617
892 92232
893 92344
894 92345
895 91992
896 92451
897 92134
898 92170
899 92447
900 91951
901 92527
902 92113
903 91898
904 92331
905 91670
906 92884
907 92025
908 92569
909 92465
910 91841
911 92971
912 92119
913 92501
914 92448
915 91846
916 93132
917 91021
918 92490
919 92251
920 92154
921 93192
922 91901
923 92768
924 92071
925 92221
926 93075
927 91943
928 92863
929 92077
930 92316
931 93441
932 91837
933 93038
934 91825
935 92542
936 93148
937 91632
938 92913
939 91700
940 92632
941 93295
942 91663
943 92948
944 91703
945 92663
946 93210
947 91696
948 93394
949 91575
950 93048
951 92928
952 91927
953 93265
954 91703
955 93068
956 92846
957 91896
958 92483
959 91499
960 93256
961 92816
962 92114
963 92911
964 91695
965 93287
966 92540
967 92063
968 92415
969 91904
970 93155
971 92391
972 92147
973 92177
974 91783
975 92903
976 92084
977 92358
978 92282
979 91825
980 93076
981 92095
982 92599
983 92064
984 92187
985 93018
986 92020
987 92468
988 92019
989 92058
990 93057
991 91813
992 92525
993 91853
994 92396
995 93125
996 91843
997 92401
998 92094
999 92225
1000 92999
1001 91693
1002 92039
1003 91881
1004 92357
1005 92958
1006 91685
1007 92074
1008 91751
1009 92553
1010 93025
1011 91674
1012 92183
1013 91863
1014 92645
1015 93182
1016 91799
1017 91983
1018 91607
1019 92626
1020 92893
1021 91686
1022 92382
1023 91482
1024 92731
1025 92996
1026 91712
1027 92344
1028 91579
1029 92619
1030 92930
1031 91739
1032 92483
1033 91468
1034 92803
1035 92958
1036 91868
1037 92582
1038 91539
1039 92785
1040 93049
1041 91732
1042 92728
1043 91321
1044 92766
1045 93136
1046 91558
1047 92716
1048 91256
1049 93111
1050 93136
1051 91645
1052 92400
1053 91641
1054 92807
1055 93134
1056 91493
1057 92530
1058 91719
1059 92982
1060 92778
1061 91540
1062 92387
1063 91876
1064 93169
1065 92878
1066 91666
1067 92221
1068 92028
1069 92873
1070 92640
1071 91795
1072 92126
1073 92073
1074 93016
1075 92418
1076 91960
1077 92013
1078 92169
1079 92671
1080 92345
1081 92010
1082 91934
1083 92707
1084 92980
1085 92384
1086 92120
1087 91814
1088 92351
1089 92706
1090 92067
1091 92288
1092 91704
1093 92489
1094 92580
1095 92172
1096 92313
1097 91820
1098 92493
1099 92685
1100 92036
1101 92432
1102 91720
1103 92649
1104 92874
1105 92109
1106 92497
1107 91490
1108 92508
1109 92542
1110 91963
1111 92453
1112 91579
1113 92391
1114 92973
1115 91871
1116 92528
1117 91481
1118 92526
1119 92976
1120 91987
1121 92694
1122 91370
1123 92494
1124 93006
1125 91857
1126 92470
1127 91388
1128 92438
1129 93085
1130 91661
1131 92479
1132 91083
1133 92450
1134 93106
1135 91683
1136 92294
1137 91731
1138 92699
1139 93398
1140 91481
1141 92237
1142 91503
1143 92591
1144 93130
1145 91561
1146 92215
1147 91476
1148 92735
1149 93058
1150 91525
1151 92100
1152 91744
1153 92879
1154 93037
1155 91416
1156 91913
1157 91774
1158 93039
1159 93283
1160 91574
1161 91721
1162 91937
1163 93047
1164 93031
1165 91621
1166 92015
1167 92279
1168 93277
1169 92969
1170 91524
1171 91908
1172 92189
1173 93010
1174 93042
1175 91839
1176 91796
1177 92344
1178 92873
1179 92879
1180 91666
1181 92185
1182 92271
1183 92968
1184 92935
1185 91917
1186 91913
1187 92377
1188 92951
1189 92742
1190 91912
1191 91507
1192 92495
1193 93059
1194 92676
1195 91900
1196 91415
1197 92482
1198 93192
1199 92540
