0 152578
1 140981
2 146914
3 143605
4 146849
5 144090
6 149006
7 147313
8 144186
9 108734
10 4741
11 1596
12 929
13 615
14 572
15 602
16 469
17 488
18 541
19 519
20 573
21 588
22 546
23 535
24 540
25 370
26 511
27 460
28 526
29 556
30 338
31 547
32 540
33 502
34 562
35 567
36 523
37 551
38 513
39 607
40 570
41 569
42 570
43 573
44 576
45 576
46 571
47 606
48 609
49 572
50 573
51 573
52 575
53 567
54 574
55 575
56 623
57 605
58 578
59 576
60 560
61 569
62 572
63 576
64 584
65 622
66 608
67 571
68 573
69 573
70 575
71 576
72 575
73 573
74 614
75 602
76 576
77 571
78 574
79 575
80 572
81 564
82 583
83 623
84 611
85 576
86 572
87 572
88 572
89 573
90 575
91 579
92 623
93 606
94 574
95 560
96 572
97 572
98 574
99 578
100 579
101 622
102 537
103 142169
104 151390
105 147113
106 147079
107 148223
108 149633
109 157506
110 149515
111 152619
112 154555
113 151931
114 155827
115 157192
116 151990
117 149628
118 154521
119 152702
120 150144
121 147993
122 151950
123 151957
124 152350
125 154384
126 147044
127 156247
128 147254
129 148937
130 149569
131 149275
132 154213
133 154460
134 147734
135 152023
136 152051
137 152048
138 149541
139 147178
140 159411
141 149996
142 152316
143 151965
144 154788
145 152206
146 154290
147 151589
148 152081
149 150395
150 147624
151 149862
152 147415
153 152336
154 149610
155 153948
156 151508
157 158378
158 149925
159 154019
160 149509
161 151901
162 149376
163 146007
164 147783
165 136035
166 151701
167 144817
168 148343
169 149843
170 141564
171 145075
172 152781
173 153698
174 149199
175 148768
176 151463
177 153968
178 147573
179 149776
180 137485
181 131515
182 147906
183 138419
184 155413
185 141842
186 143282
187 146885
188 150546
189 154549
190 147851
191 146602
192 144948
193 144993
194 141858
195 153427
196 147884
197 148585
198 139618
199 149434
200 136695
201 145846
202 148003
203 148694
204 149210
205 151805
206 146630
207 146685
208 148687
209 148998
210 146505
211 148962
212 146824
213 148942
214 151353
215 149660
216 147112
217 147049
218 149537
219 153516
220 158631
221 149409
222 149642
223 151907
224 151869
225 147047
226 154054
227 149218
228 151436
229 146782
230 149206
231 147151
232 155327
233 146902
234 151553
235 149430
236 146935
237 151426
238 154318
239 153662
240 149337
241 147061
242 147307
243 151577
244 149535
245 151428
246 149318
247 149450
248 149724
249 151938
250 149375
251 148876
252 151572
253 149200
254 146769
255 151361
256 153908
257 149201
258 153644
259 148976
260 154204
261 146266
262 153870
263 155932
264 150169
265 147353
266 147057
267 153689
268 151385
269 154817
270 149745
271 153925
272 151577
273 149566
274 153872
275 146651
276 149579
277 154537
278 150003
279 147220
280 147167
281 156750
282 147685
283 146993
284 150627
285 150102
286 154141
287 149717
288 147108
289 149597
290 151389
291 157084
292 154285
293 152518
294 149553
295 156594
296 151803
297 150496
298 149705
299 151983
