0 158355
1 158338
2 158366
3 150818
4 157389
5 152511
6 35102
7 5225
8 2928
9 1758
10 1284
11 1374
12 1859
13 2341
14 1748
15 1659
16 2306
17 2270
18 2283
19 2309
20 2348
21 2277
22 2250
23 2335
24 2341
25 2288
26 2261
27 2316
28 2338
29 2277
30 2250
31 2337
32 2302
33 2249
34 2307
35 2349
36 2295
37 2238
38 2308
39 2318
40 2300
41 2253
42 2316
43 2327
44 2293
45 2254
46 2315
47 2341
48 2294
49 2243
50 2314
51 2338
52 33768
53 157277
54 152747
55 159901
56 152661
57 152081
58 159106
59 157173
60 154751
61 155605
62 153165
63 152240
64 154667
65 159362
66 149479
67 150614
68 155565
69 159663
70 157569
71 150081
72 161187
73 159540
74 149893
75 153012
76 150786
77 157559
78 154670
79 153097
80 150304
81 150321
82 150543
83 152744
84 152607
85 150869
86 159963
87 157440
88 152977
89 157552
90 153076
91 157863
92 152544
93 150523
94 150788
95 150182
96 153191
97 152923
98 150148
99 150425
100 155404
101 152665
102 152673
103 150683
104 152570
105 150748
106 153194
107 154435
108 155634
109 150636
110 152421
111 160073
112 155185
113 152440
114 153262
115 153171
116 157143
117 152573
118 152787
119 155104
120 160151
121 150606
122 152550
123 156866
124 154783
125 152192
126 160327
127 152095
128 152202
129 149793
130 152392
131 149341
132 157256
133 152515
134 155155
135 155340
136 152466
137 154082
138 152082
139 151887
140 149731
141 154714
142 151841
143 149957
144 157095
145 154528
146 154733
147 157104
148 154791
149 153254
150 152903
151 152331
152 154490
153 154570
154 149486
155 154466
156 157123
157 151796
158 152507
159 152596
160 157197
161 150771
162 155642
163 150140
164 155268
165 155117
166 152419
167 157052
168 152034
169 154265
170 152280
171 162211
172 154993
173 153110
174 157110
175 152020
176 156351
177 151655
178 150388
179 153097
180 157556
181 154860
182 159660
183 154149
184 150143
185 149387
186 154050
187 152613
188 149991
189 151718
190 152578
191 159707
192 150381
193 153152
194 153088
195 150063
196 150379
197 154787
198 156535
199 152108
200 152418
201 149690
202 153201
203 155665
204 157004
205 155426
206 153172
207 152684
208 153115
209 150723
210 150670
211 153025
212 155274
213 150800
214 150478
215 154918
216 150426
217 161838
218 156964
219 156477
220 152351
221 152242
222 156764
223 154802
224 149661
225 152654
226 157647
227 155035
228 155785
229 150606
230 155054
231 150675
232 150435
233 154966
234 154856
235 157821
236 155009
237 160158
238 155444
239 152543
240 154786
241 149992
242 148736
243 150259
244 154860
245 155023
246 152976
247 155372
248 152383
249 155382
250 155477
251 149879
252 152438
253 153068
254 154866
255 153265
256 150565
257 155309
258 157677
259 155471
260 150479
261 155801
262 150416
263 150391
264 153047
265 160209
266 150534
267 150985
268 157217
269 150347
270 153144
271 154774
272 155638
273 153447
274 149964
275 152917
276 153172
277 150140
278 152769
279 155507
280 152268
281 152962
282 153032
283 152183
284 157965
285 160233
286 152613
287 155271
288 152932
289 152290
290 158024
291 150654
292 157251
293 152484
294 150498
295 154820
296 150531
297 160267
298 152482
299 154674
300 152044
301 152014
302 150039
303 156292
304 150390
305 153398
306 152908
307 150058
308 152899
309 157505
310 157681
311 155625
312 150382
313 154931
314 153278
315 152862
316 157192
317 155451
318 154882
319 155619
320 150669
321 152767
322 152657
323 150705
324 157293
325 153039
326 157792
327 154818
328 155505
329 155608
330 149678
331 160318
332 164282
333 159218
334 155875
335 155580
336 152286
337 150590
338 159895
339 152775
340 152769
341 152962
342 154693
343 155905
344 155157
345 153035
346 153372
347 150536
348 159898
349 157998
350 150135
351 152898
352 150319
353 154756
354 153007
355 160213
356 152711
357 152353
358 152344
359 153928
360 155422
361 153183
362 157297
363 162341
364 152942
365 154805
366 155489
367 157203
368 149266
369 150065
370 155377
371 156829
372 150760
373 155286
374 152718
375 155493
376 150378
377 157217
378 157789
379 158030
380 152683
381 154904
382 159902
383 152936
384 157753
385 154955
386 157576
387 157834
388 157230
389 150741
390 158133
391 152801
392 157770
393 152735
394 154635
395 160288
396 152844
397 152622
398 155462
399 157888
400 149983
401 162330
402 152863
403 154829
404 155598
405 150514
406 154640
407 153204
408 152786
409 150237
410 150462
411 155179
412 150347
413 150882
414 155250
415 154816
416 154814
417 152856
418 155202
419 162488
420 155366
421 150518
422 150975
423 152890
424 152545
425 150820
426 153000
427 155056
428 157776
429 152602
430 150580
431 155546
432 154682
433 157041
434 150004
435 161470
436 150724
437 150843
438 162055
439 157736
440 165150
441 155113
442 158154
443 153126
444 151905
445 159521
446 154445
447 156733
448 152368
449 156286
450 154610
451 152722
452 152018
453 151918
454 152324
455 150380
456 157742
457 150697
458 152888
459 149834
460 150320
461 156717
462 159181
463 157485
464 157496
465 151037
466 155271
467 151798
468 152082
469 154581
470 154442
471 157999
472 153190
473 150264
474 157019
475 150036
476 151143
477 159611
478 149470
479 151913
480 152431
481 152348
482 149384
483 154838
484 150817
485 152231
486 150130
487 157758
488 159103
489 150875
490 155222
491 150525
492 150620
493 155251
494 152651
495 158001
496 155549
497 150883
498 150736
499 162447
500 153172
501 155851
502 150590
503 153300
504 155751
505 152658
506 153282
507 153361
508 149908
509 160160
510 158237
511 152996
512 150895
513 153341
514 157735
515 155838
516 153491
517 159485
518 153557
519 158499
520 154859
521 152346
522 152586
523 152097
524 155191
525 155200
526 156610
527 150245
528 150263
529 151878
530 157310
531 154724
532 154414
533 150939
534 151010
535 150604
536 153403
537 152776
538 152375
539 150365
540 156826
541 156050
542 157289
543 159462
544 154582
545 157375
546 149878
547 159477
548 155045
549 152087
550 154740
551 154837
552 154379
553 152578
554 152563
555 151915
556 155001
557 152903
558 154228
559 152664
560 152747
561 158774
562 150351
563 150009
564 149679
565 149965
566 149918
567 149525
568 152704
569 150431
570 149489
571 154968
572 154847
573 161100
574 152560
575 154437
576 151601
577 154930
578 157125
579 154611
580 158572
581 150342
582 150858
583 155861
584 150666
585 152908
586 154707
587 154552
588 156921
589 157473
590 152556
591 150456
592 153183
593 150198
594 154234
595 152131
596 149484
597 154871
598 155571
599 152842
600 155606
601 153396
602 157506
603 153303
604 150831
605 154978
606 150709
607 154903
608 151858
609 151242
610 151381
611 150630
612 151253
613 152558
614 151741
615 154393
616 157727
617 157686
618 155863
619 155922
620 153193
621 162057
622 156910
623 154843
624 155904
625 153587
626 151078
627 156417
628 151318
629 156078
630 158502
631 165675
632 152677
633 159615
634 149724
635 149857
636 153649
637 162887
638 151322
639 153336
640 150772
641 156488
642 153826
643 162668
644 150236
645 154843
646 152294
647 155750
648 153777
649 157794
650 155423
651 150618
652 154364
653 150371
654 154957
655 157153
656 152727
657 152556
658 149375
659 158058
660 158574
661 155973
662 151335
663 150160
664 154323
665 160022
666 152729
667 153553
668 151328
669 153489
670 153675
671 153826
672 153507
673 153800
674 157293
675 159468
676 150395
677 152856
678 150190
679 155134
680 150310
681 154365
682 152969
683 152237
684 152105
685 149960
686 152669
687 152264
688 150488
689 155139
690 153236
691 158646
692 151368
693 150178
694 150303
695 155037
696 152177
697 152455
698 162150
699 156523
700 152882
701 152700
702 152127
703 152244
704 152584
705 152105
706 152935
707 154773
708 154344
709 153904
710 163167
711 155249
712 155854
713 159066
714 150621
715 151443
716 150942
717 155911
718 156214
719 151287
