0 155838
1 161374
2 161026
3 159711
4 157011
5 161964
6 155414
7 153107
8 152271
9 34158
10 1209
11 417
12 639
13 673
14 657
15 698
16 719
17 697
18 693
19 691
20 689
21 695
22 718
23 700
24 693
25 692
26 685
27 700
28 718
29 696
30 693
31 694
32 691
33 693
34 718
35 696
36 707
37 692
38 682
39 693
40 721
41 694
42 696
43 691
44 691
45 694
46 718
47 693
48 696
49 687
50 689
51 693
52 718
53 702
54 691
55 688
56 693
57 694
58 728
59 699
60 694
61 685
62 676
63 696
64 715
65 692
66 694
67 692
68 689
69 696
70 718
71 1238
72 154092
73 157151
74 154429
75 159241
76 151784
77 152673
78 153971
79 153414
80 155789
81 156553
82 156264
83 155722
84 161317
85 153950
86 158134
87 153936
88 154557
89 153462
90 155439
91 159760
92 157291
93 157423
94 154612
95 154485
96 162046
97 152412
98 157265
99 154264
100 156227
101 156132
102 151815
103 152066
104 155021
105 152497
106 154488
107 156631
108 156288
109 156311
110 151299
111 153943
112 155620
113 153822
114 153957
115 158421
116 154667
117 154540
118 150793
119 156859
120 152111
121 153934
122 154116
123 153648
124 153421
125 154009
126 151598
127 150668
128 153484
129 151148
130 151024
131 161019
132 156025
133 150929
134 151517
135 156617
136 158385
137 154368
138 156296
139 153591
140 154482
141 161100
142 156380
143 154357
144 154166
145 153966
146 156744
147 154152
148 161370
149 152209
150 159284
151 154331
152 154164
153 152066
154 163553
155 156769
156 158767
157 156365
158 151925
159 156088
160 159097
161 154390
162 151109
163 151958
164 158839
165 156029
166 154303
167 156243
168 155932
169 161404
170 154431
171 151482
172 154576
173 156909
174 153831
175 156930
176 154278
177 155653
178 154273
179 152034
180 156359
181 159026
182 154088
183 151987
184 151978
185 152053
186 151614
187 151165
188 151810
189 161253
190 161542
191 156523
192 156205
193 154227
194 154017
195 150716
196 151687
197 153476
198 154159
199 152231
200 154062
201 151856
202 154453
203 154172
204 161403
205 154136
206 153536
207 154111
208 158570
209 151128
210 151039
211 158316
212 155610
213 151503
214 161069
215 153767
216 156462
217 161734
218 153690
219 153945
220 156072
221 150947
222 151590
223 156934
224 153908
225 156934
226 151754
227 153595
228 156746
229 156622
230 151441
231 154278
232 151968
233 163575
234 154322
235 151837
236 151150
237 154501
238 154463
239 151424
240 161551
241 153990
242 152064
243 156920
244 158745
245 153832
246 153926
247 154113
248 159079
249 156509
250 153378
251 155556
252 151945
253 153719
254 158752
255 158889
256 151420
257 151960
258 154485
259 151540
260 156631
261 156893
262 158805
263 154744
264 151563
265 153277
266 156791
267 154614
268 158272
269 151470
270 156629
271 161048
272 156343
273 154433
274 161222
275 152041
276 166059
277 151907
278 152125
279 154312
280 154450
281 156859
282 151883
283 151912
284 151948
285 151388
286 151774
287 151841
288 156484
289 153947
290 156852
291 159026
292 161213
293 154439
294 160834
295 152389
296 159361
297 154289
298 159089
299 156375
