0 148419
1 150214
2 149923
3 152843
4 155259
5 154601
6 153704
7 160530
8 155779
9 149706
10 149519
11 149424
12 147613
13 149186
14 153019
15 153619
16 153620
17 148945
18 151177
19 150800
20 157745
21 153524
22 137962
23 153319
24 155935
25 158319
26 155490
27 153668
28 151026
29 150363
30 162373
31 152197
32 150992
33 156040
34 150765
35 151212
36 152874
37 157496
38 155531
39 43688
40 547
41 505
42 809
43 721
44 740
45 790
46 770
47 764
48 773
49 762
50 772
51 789
52 765
53 769
54 772
55 756
56 776
57 797
58 764
59 767
60 772
61 765
62 777
63 796
64 775
65 767
66 768
67 766
68 773
69 797
70 766
71 764
72 769
73 766
74 772
75 790
76 766
77 767
78 773
79 766
80 770
81 795
82 764
83 768
84 773
85 778
86 775
87 794
88 768
89 770
90 773
91 765
92 770
93 796
94 764
95 769
96 770
97 763
98 771
99 795
100 11720
101 152038
102 152568
103 156743
104 157105
105 154688
106 154691
107 155611
108 155513
109 152315
110 155671
111 153253
112 150527
113 155318
114 155725
115 152405
116 150917
117 155773
118 154913
119 153056
120 155362
121 149827
122 152696
123 150063
124 156976
125 153035
126 150846
127 150159
128 155305
129 152565
130 152264
131 155131
132 149859
133 152411
134 150273
135 149580
136 150245
137 158014
138 153051
139 156171
140 152862
141 150392
142 149987
143 159466
144 152610
145 156904
146 157202
147 152643
148 150876
149 155283
150 154921
151 150586
152 153446
153 154932
154 150227
155 157955
156 154768
157 150944
158 150913
159 150130
160 152380
161 154874
162 153530
163 157266
164 159197
165 154541
166 150490
167 152344
168 150928
169 149154
170 154624
171 159324
172 154823
173 155087
174 151543
175 151911
176 149220
177 146881
178 150003
179 149300
180 151480
181 149318
182 151558
183 146563
184 151100
185 147124
186 153710
187 156635
188 153697
189 147190
190 150788
191 155268
192 153149
193 150367
194 151438
195 147267
196 158864
197 150154
198 157021
199 150786
200 154657
201 150934
202 150997
203 146022
204 146617
205 149191
206 159966
207 150310
208 154903
209 155118
210 160353
211 159996
212 149466
213 157423
214 151374
215 148682
216 153929
217 146491
218 147189
219 157358
220 154657
221 149886
222 151972
223 156173
224 154672
225 154854
226 149418
227 152116
228 149974
229 151814
230 150038
231 154925
232 153749
233 154799
234 152651
235 156874
236 149631
237 150132
238 151652
239 152066
240 155092
241 151985
242 154350
243 154678
244 151864
245 154578
246 149573
247 149828
248 152690
249 152638
250 149555
251 150424
252 149718
253 152055
254 155103
255 152331
256 151684
257 154726
258 154392
259 152236
260 151988
261 149614
262 156854
263 161716
264 151274
265 151288
266 147256
267 149547
268 152140
269 152591
270 149100
271 149001
272 148788
273 151300
274 161875
275 152394
276 154144
277 154797
278 148294
279 151622
280 149759
281 151785
282 156330
283 154696
284 152375
285 151662
286 161575
287 149552
288 148693
289 148833
290 156525
291 154474
292 161703
293 152220
294 152039
295 152530
296 154478
297 159181
298 154629
299 154373
