0 150545
1 153312
2 153807
3 153369
4 151504
5 151691
6 156600
7 160826
8 156403
9 127606
10 3274
11 612
12 398
13 665
14 664
15 660
16 614
17 669
18 626
19 615
20 651
21 649
22 641
23 641
24 649
25 640
26 656
27 671
28 662
29 645
30 645
31 649
32 650
33 652
34 653
35 650
36 647
37 645
38 651
39 650
40 666
41 669
42 649
43 650
44 649
45 662
46 649
47 672
48 669
49 644
50 650
51 651
52 631
53 614
54 667
55 665
56 646
57 649
58 653
59 644
60 656
61 678
62 667
63 648
64 643
65 649
66 649
67 651
68 672
69 668
70 642
71 650
72 645
73 642
74 652
75 670
76 661
77 648
78 645
79 647
80 652
81 654
82 666
83 560
84 64209
85 157223
86 155411
87 157563
88 150164
89 161898
90 155696
91 154347
92 155142
93 150436
94 155407
95 153248
96 152971
97 152905
98 155616
99 154922
100 150043
101 155422
102 150342
103 149800
104 150717
105 159829
106 150385
107 152794
108 152577
109 150510
110 155380
111 152760
112 152701
113 150551
114 152963
115 152957
116 162598
117 159081
118 150512
119 153104
120 150681
121 150512
122 157178
123 152129
124 155556
125 155356
126 154699
127 153132
128 153225
129 150060
130 150549
131 159499
132 156365
133 152852
134 150648
135 150134
136 160110
137 153002
138 155023
139 155174
140 150714
141 149983
142 152746
143 150531
144 159414
145 150667
146 152337
147 152396
148 155429
149 153000
150 166666
151 153121
152 152843
153 150609
154 153276
155 150685
156 150573
157 153033
158 162641
159 162458
160 153032
161 152260
162 152562
163 152729
164 152323
165 155372
166 155145
167 152652
168 153335
169 151039
170 154952
171 157479
172 150709
173 157409
174 157347
175 152661
176 152204
177 155432
178 153210
179 152385
180 159916
181 155060
182 152648
183 153348
184 150850
185 150712
186 153338
187 153192
188 150547
189 155448
190 150204
191 152386
192 153140
193 152816
194 152757
195 151354
196 153594
197 151183
198 151835
199 158480
200 151430
201 160829
202 151229
203 156129
204 153907
205 158311
206 150781
207 153247
208 151030
209 146641
210 156189
211 150374
212 156067
213 151087
214 153735
215 153122
216 151444
217 157970
218 153804
219 153471
220 150604
221 162834
222 156306
223 153250
224 150757
225 157882
226 152568
227 150874
228 150890
229 152482
230 150694
231 155618
232 150360
233 155513
234 157707
235 152833
236 157855
237 158127
238 154952
239 151167
240 158251
241 158099
242 151439
243 153334
244 151108
245 151587
246 155717
247 153249
248 155535
249 153365
250 150425
251 157990
252 155258
253 155031
254 157617
255 152961
256 155158
257 151130
258 155289
259 153078
260 157361
261 157722
262 153083
263 153860
264 151028
265 155800
266 153893
267 150737
268 151480
269 156185
270 158124
271 158773
272 153750
273 153070
274 151351
275 156493
276 141500
277 153806
278 151315
279 160072
280 158256
281 158498
282 153352
283 151465
284 153926
285 157855
286 153949
287 151652
288 153599
289 153431
290 163069
291 151088
292 158714
293 162688
294 153197
295 156004
296 150791
297 151202
298 151345
299 153821
