0 155217
1 154928
2 149099
3 144202
4 151317
5 154854
6 155036
7 160495
8 153616
9 154502
10 157083
11 163448
12 154638
13 157042
14 151486
15 152332
16 154874
17 151551
18 156707
19 154576
20 159340
21 155222
22 155138
23 156632
24 154684
25 156377
26 158633
27 155183
28 154499
29 157273
30 154991
31 158934
32 151692
33 154375
34 154329
35 158460
36 156527
37 153904
38 156428
39 152141
40 154109
41 158525
42 154632
43 157262
44 162769
45 172244
46 155971
47 158845
48 154022
49 158463
50 159033
51 156822
52 153610
53 161856
54 155397
55 153960
56 157801
57 152606
58 154857
59 157428
60 155058
61 157113
62 152224
63 152040
64 158887
65 156914
66 157854
67 152481
68 150620
69 153126
70 152799
71 155527
72 147308
73 148444
74 151023
75 147959
76 153356
77 153687
78 156049
79 154186
80 153456
81 152691
82 155510
83 157873
84 148063
85 148591
86 148155
87 151791
88 150787
89 157050
90 151774
91 159436
92 149589
93 148464
94 155868
95 150842
96 147644
97 153735
98 157855
99 148117
100 157979
101 155000
102 157648
103 154384
104 156942
105 154457
106 154197
107 154445
108 151889
109 152388
110 154193
111 156745
112 157765
113 162140
114 152540
115 152367
116 151801
117 156659
118 152303
119 156393
