0 137148
1 141998
2 147884
3 124522
4 1108
5 456
6 561
7 539
8 487
9 449
10 454
11 561
12 516
13 460
14 434
15 412
16 551
17 507
18 445
19 449
20 468
21 553
22 514
23 457
24 452
25 494
26 564
27 521
28 460
29 457
30 501
31 556
32 516
33 462
34 459
35 499
36 538
37 449
38 438
39 450
40 491
41 552
42 510
43 450
44 451
45 494
46 532
47 498
48 461
49 458
50 497
51 565
52 521
53 461
54 450
55 497
56 527
57 107893
58 142587
59 139536
60 130263
61 138023
62 139220
63 142320
64 141795
65 140878
66 139141
67 136665
68 142894
69 138925
70 140664
71 142954
72 144386
73 142735
74 142909
75 139905
76 139270
77 141017
78 144095
79 140880
80 141730
81 140383
82 142914
83 144952
84 145085
85 142776
86 138585
87 138508
88 138949
89 143119
90 141139
91 139641
92 145386
93 145564
94 138450
95 138963
96 140798
97 139088
98 143456
99 140294
100 140132
101 142313
102 140993
103 141430
104 136418
105 142925
106 144792
107 142732
108 141010
109 143146
110 142974
111 146896
112 137774
113 149170
114 140003
115 144789
116 140542
117 143512
118 140851
119 138996
120 146929
121 143781
122 147771
123 140677
124 147971
125 141364
126 138442
127 140654
128 140930
129 143112
130 140670
131 138973
132 141145
133 143353
134 148414
135 141027
136 144733
137 143757
138 141415
139 145568
140 145916
141 145734
142 147613
143 147743
144 141813
145 142591
146 139164
147 135012
148 148136
149 145266
150 141299
151 144186
152 141727
153 143129
154 146117
155 143150
156 145302
157 136964
158 146169
159 140718
160 143484
161 139000
162 140278
163 141210
164 141265
165 141474
166 143360
167 141206
168 141388
169 141394
170 147584
171 136636
172 144065
173 138051
174 136547
175 132517
176 119230
177 139463
178 132911
179 137781
180 138887
181 125706
182 135638
183 138832
184 137510
185 149407
186 138648
187 142824
188 144847
189 146717
190 136069
191 141473
192 139718
193 144882
194 144876
195 141052
196 145107
197 138973
198 142841
199 142765
200 142858
201 142582
202 140482
203 142926
204 140096
205 141260
206 148730
207 139936
208 140349
209 142938
210 140937
211 140338
212 142924
213 141360
214 138462
215 138342
216 140506
217 140989
218 140488
219 142843
220 143161
221 136204
222 140859
223 138480
224 147901
225 145448
226 143020
227 142843
228 140914
229 143054
230 147477
231 140977
232 140546
233 145411
234 142510
235 143192
236 142986
237 142088
238 141015
239 140977
240 145344
241 145430
242 143160
243 145615
244 154004
245 143271
246 147919
247 140589
248 145263
249 141080
250 143088
251 143532
252 140892
253 142732
254 143206
255 143500
256 140899
257 145183
258 140267
259 141454
260 136526
261 134241
262 141000
263 135398
264 139441
265 150590
266 142132
267 147693
268 141099
269 142615
270 147719
271 142922
272 141019
273 143461
274 139203
275 144842
276 147792
277 145328
278 140716
279 140911
280 138785
281 144527
282 136363
283 143357
284 140987
285 145066
286 138777
287 142838
288 142976
289 142862
290 148571
291 140517
292 138246
293 138440
294 143225
295 139928
296 141284
297 140859
298 141241
299 147080
