0 95127
1 94967
2 95969
3 94865
4 93491
5 89075
6 88244
7 89901
8 87659
9 88164
10 88275
11 87846
12 88051
13 90846
14 87322
15 88524
16 90753
17 88853
18 90613
19 89326
20 89056
21 89274
22 92015
23 91952
24 40052
25 55198
26 65655
27 86842
28 84561
29 84524
30 84974
31 84747
32 86275
33 83668
34 85114
35 76984
36 80970
37 87562
38 78108
39 80088
40 78617
41 82038
42 84124
43 86645
44 83931
45 85765
46 84009
47 85545
48 84340
49 85934
50 83386
51 81869
52 82850
53 83620
54 80510
55 78809
56 79440
57 78639
58 81794
59 85080
60 85331
61 85685
62 88438
63 83608
64 85625
65 84669
66 87112
67 83364
68 85590
69 84954
70 87184
71 85878
72 81797
73 79772
74 79283
75 77755
76 84796
77 85623
78 84589
79 84088
80 84181
81 85276
82 84762
83 86536
84 83066
85 83216
86 86712
87 84152
88 82498
89 83427
90 82579
91 79083
92 80471
93 79647
94 87898
95 86324
96 84148
97 82016
98 82224
99 86586
100 83270
101 85359
102 84308
103 83423
104 85173
105 85366
106 81801
107 83072
108 80333
109 78239
110 76257
111 82372
112 86501
113 82970
114 83985
115 83071
116 84586
117 84475
118 85251
119 82351
120 85292
121 85759
122 83647
123 84257
124 83702
125 82568
126 79109
127 79594
128 78962
129 81589
130 90418
131 84897
132 86097
133 86429
134 83231
135 82301
136 85467
137 83298
138 85109
139 85345
140 84655
141 85326
142 82574
143 82079
144 78319
145 79361
146 79887
147 85377
148 85200
149 83755
150 85367
151 83974
152 88022
153 88370
154 85606
155 84050
156 83812
157 84570
158 83148
159 82770
160 82309
161 78324
162 78194
163 79072
164 78465
165 82919
166 84505
167 86412
168 83350
169 87450
170 85420
171 83271
172 85166
173 84192
174 82996
175 83534
176 83497
177 83645
178 84852
179 78952
180 77387
181 86636
182 79243
183 84014
184 85737
185 86931
186 84750
187 84807
188 87191
189 85178
190 84741
191 85432
192 85697
193 83646
194 85493
195 84807
196 83630
197 79566
198 77741
199 81542
200 83693
201 88064
202 54963
203 1
204 56792
205 89411
206 88702
207 88903
208 88425
209 89017
210 94081
211 89286
212 89978
213 91717
214 90850
215 89437
216 89608
217 87766
218 88745
219 89193
220 88628
221 94639
222 87979
223 90246
224 89233
225 89288
226 88254
227 87443
228 90856
229 89704
230 91704
231 88042
232 90323
233 91576
234 90440
235 88986
236 90577
237 89238
238 92053
239 89584
240 93416
241 89734
242 92809
243 89156
244 90905
245 91260
246 89115
247 89363
248 91932
249 90777
250 91951
251 89806
252 90509
253 92457
254 92164
255 88999
256 90460
257 90707
258 92402
259 90085
260 88593
261 90353
262 92270
263 91709
264 91841
265 88414
266 91879
267 91078
268 88896
269 89338
270 91871
271 89152
272 90376
273 93215
274 92901
275 89060
276 88973
277 88783
278 89436
279 88589
280 88298
281 90787
282 90712
283 89307
284 89404
285 89609
286 91416
287 90591
288 89342
289 90459
290 88855
291 90302
292 93173
293 94865
294 90900
295 89141
296 89336
297 89152
298 91939
299 88867
300 93282
301 93105
302 90795
303 89227
304 90610
305 88996
306 89098
307 89968
308 90779
309 89248
310 90433
311 89175
312 90228
313 88400
314 89753
315 90333
316 88711
317 90313
318 90145
319 88977
320 89397
321 89482
322 91814
323 87875
324 88050
325 90676
326 88993
327 91134
328 89059
329 90506
330 88693
331 89245
332 91666
333 90867
334 88252
335 90412
336 91617
337 90427
338 89106
339 89011
340 88866
341 90525
342 90321
343 91611
344 89512
345 94626
346 89405
347 90554
348 89237
349 90163
350 89284
351 88384
352 88917
353 90381
354 88935
355 89059
356 91613
357 89974
358 92237
359 89150
360 90399
361 88701
362 91884
363 89402
364 89168
365 88932
366 90221
367 89195
368 89174
369 90393
370 90342
371 88915
372 89265
373 91953
374 89541
375 90194
376 90790
377 88819
378 89058
379 90975
380 89583
381 88064
382 92446
383 93224
384 93301
385 98244
386 94155
387 93626
388 89537
389 88899
390 87530
391 89122
392 91718
393 90436
394 89356
395 91980
396 89103
397 90696
398 89976
399 90023
400 93172
401 87706
402 87476
403 87551
404 91213
405 88745
406 93255
407 88730
408 90017
409 94131
410 94927
411 93506
412 98661
413 93833
414 92778
415 95332
416 95773
417 95929
418 94786
419 95149
420 94533
421 94906
422 98107
423 95979
424 93968
425 93313
426 98624
427 93207
428 98771
429 95487
430 95577
431 94211
432 96289
433 95405
434 94977
435 95141
436 93610
437 93451
438 94181
439 96993
440 96261
441 94725
442 97814
443 97165
444 94916
445 95182
446 96664
447 94403
448 95150
449 94629
450 96429
451 93785
452 93545
453 94285
454 94596
455 96278
456 99185
457 95131
458 94433
459 96878
460 98501
461 94771
462 94666
463 95543
464 94124
465 96516
466 95898
467 93813
468 96925
469 95151
470 95757
471 99414
472 96077
473 98269
474 96828
475 97192
476 94601
477 96354
478 96900
479 94557
480 96341
481 97849
482 96112
483 98119
484 96660
485 94922
486 96186
487 94486
488 98295
489 99719
490 96083
491 95846
492 96435
493 96688
494 93645
495 95487
496 96126
497 99270
498 98408
499 96316
500 96028
501 98075
502 95394
503 93284
504 93863
505 95090
506 95946
507 96333
508 94753
509 97656
510 98024
511 94542
512 95837
513 96445
514 97591
515 95283
516 94843
517 94389
518 94691
519 96539
520 96013
521 95576
522 100878
523 97375
524 98081
525 97148
526 96292
527 93775
528 94011
529 94803
530 93618
531 95394
532 93909
533 98211
534 95073
535 94110
536 94815
537 92970
538 92426
539 93831
540 94991
541 94964
542 94958
543 96352
544 95037
545 95005
546 94874
547 97547
548 96412
549 97809
550 95975
551 94673
552 98066
553 94103
554 94442
555 95874
556 94684
557 96356
558 100815
559 94391
560 94140
561 95910
562 96054
563 94259
564 93657
565 95867
566 93846
567 95416
568 95882
569 94969
570 93686
571 94792
572 98622
573 94575
574 95156
575 96223
576 95994
577 95877
578 99068
579 94742
580 94744
581 99183
582 96003
583 96698
584 96249
585 95596
586 97257
587 94437
588 94905
589 94434
590 95913
591 96031
592 96111
593 96688
594 97070
595 96427
596 96334
597 94159
598 95326
599 97860
600 97591
601 96448
602 95002
603 95030
604 97491
605 94498
606 94629
607 95133
608 97314
609 94610
610 96425
611 94783
612 94349
613 95114
614 96455
615 96346
616 96009
617 96411
618 97664
619 95247
620 94663
621 95188
622 95986
623 96835
624 94497
625 95964
626 98195
627 95070
628 94938
629 94149
630 96605
631 95028
632 95854
633 95819
634 94642
635 96733
636 97418
637 96282
638 94634
639 96282
640 96743
641 95574
642 96068
643 97557
644 94945
645 94796
646 97736
647 96902
648 94666
649 96481
650 94217
651 96472
652 95072
653 96119
654 95617
655 94880
656 95980
657 94560
658 97902
659 97664
660 99571
661 94332
662 96040
663 94985
664 96133
665 97941
666 94205
667 94014
668 97312
669 94259
670 96096
671 95512
672 95800
673 96168
674 96207
675 95609
676 96110
677 93799
678 94891
679 94594
680 97473
681 95899
682 94566
683 97086
684 94617
685 99837
686 94584
687 94552
688 95895
689 93762
690 96311
691 95043
692 94394
693 96246
694 98326
695 94601
696 96399
697 97795
698 94745
699 96217
700 94474
701 95019
702 95489
703 96006
704 94913
705 94260
706 96132
707 96756
708 94107
709 94783
710 96400
711 94696
712 97964
713 95320
714 97288
715 94967
716 95685
717 95973
718 94294
719 94280
720 95142
721 95863
722 96450
723 96236
724 96381
725 97352
726 96218
727 97515
728 94425
729 95830
730 94560
731 94138
732 94997
733 99076
734 94511
735 95937
736 94094
737 96268
738 96291
739 100272
740 97586
741 96848
742 95697
743 97002
744 94388
745 97671
746 96439
747 95426
748 94855
749 95200
750 95543
751 94261
752 97031
753 96664
754 93258
755 93163
756 99747
757 93563
758 95631
759 95429
760 95965
761 98106
762 93606
763 92443
764 96749
765 99583
766 95234
767 98214
768 95535
769 95091
770 93461
771 96229
772 94737
773 94071
774 95295
775 96534
776 97137
777 96383
778 97399
779 95679
780 97840
781 95878
782 97800
783 96589
784 95751
785 97570
786 98076
787 96069
788 94460
789 93591
790 95744
791 97915
792 96754
793 96624
794 94670
795 95867
796 94330
797 97126
798 97193
799 93842
800 95452
801 96109
802 94556
803 94996
804 94457
805 96069
806 96598
807 96151
808 94208
809 93388
810 94868
811 95106
812 96480
813 95059
814 95060
815 95161
816 94915
817 96736
818 96517
819 94794
820 97423
821 94032
822 93252
823 94103
824 94834
825 94865
826 96531
827 96684
828 93489
829 94043
830 95063
831 93257
832 94558
833 95732
834 96278
835 95034
836 96726
837 94344
838 95106
839 94504
840 93767
841 93494
842 94830
843 95943
844 95328
845 97434
846 99133
847 94711
848 94671
849 95003
850 97083
851 96374
852 96509
853 97933
854 102043
855 96396
856 94852
857 94509
858 94719
859 96077
860 95852
861 97304
862 94577
863 96225
864 95652
865 98453
866 93556
867 94627
868 96542
869 95095
870 96283
871 95219
872 95177
873 94865
874 102623
875 94526
876 94820
877 94240
878 95443
879 95694
880 94826
881 94535
882 94510
883 96319
884 96343
885 98286
886 95724
887 96897
888 96223
889 96113
890 99077
891 96223
892 99551
893 94668
894 94842
895 95456
896 94327
897 96475
898 96762
899 100590
900 97261
901 96360
902 94718
903 96409
904 97677
905 94253
906 97823
907 96337
908 98956
909 96638
910 98020
911 93887
912 97723
913 97974
914 94630
915 97573
916 94901
917 94150
918 93820
919 96936
920 93428
921 98182
922 94675
923 96273
924 99786
925 97396
926 95941
927 96076
928 97806
929 96050
930 95841
931 96510
932 96249
933 96109
934 95104
935 94610
936 95190
937 97323
938 94986
939 94488
940 94253
941 96187
942 97838
943 95414
944 96742
945 96790
946 95912
947 100277
948 95879
949 96006
950 97400
951 98075
952 94050
953 95270
954 95774
955 95822
956 95022
957 96502
958 96382
959 95133
960 94673
961 97294
962 96465
963 100619
964 94729
965 94825
966 96305
967 96300
968 96618
969 96366
970 94566
971 96057
972 96117
973 93721
974 98121
975 93097
976 96660
977 94889
978 97740
979 97488
980 95952
981 96788
982 93693
983 94601
984 93891
985 96569
986 96572
987 96460
988 94400
989 103822
990 94577
991 95986
992 95074
993 94209
994 94360
995 97911
996 94795
997 97738
998 97091
999 94934
1000 96193
1001 95057
1002 95610
1003 96299
1004 100629
1005 95540
1006 94310
1007 94943
1008 94270
1009 94560
1010 94854
1011 96324
1012 96179
1013 95845
1014 94408
1015 96172
1016 99296
1017 94509
1018 96308
1019 96261
1020 94578
1021 96136
1022 95237
1023 98737
1024 95825
1025 96011
1026 95636
1027 94825
1028 97965
1029 97603
1030 95780
1031 94555
1032 98709
1033 96685
1034 97300
1035 95878
1036 94467
1037 100360
1038 94367
1039 96581
1040 94944
1041 93931
1042 94865
1043 97785
1044 94945
1045 96302
1046 97306
1047 97914
1048 94995
1049 96921
1050 94612
1051 99451
1052 95114
1053 96153
1054 94961
1055 96400
1056 93974
1057 97484
1058 94778
1059 95216
1060 97479
1061 98043
1062 96256
1063 97856
1064 97561
1065 97347
1066 94661
1067 94688
1068 96464
1069 96666
1070 94531
1071 96514
1072 98297
1073 95729
1074 98015
1075 99554
1076 96254
1077 97936
1078 98204
1079 94663
1080 95885
1081 97716
1082 95978
1083 94279
1084 96176
1085 95885
1086 99387
1087 94770
1088 95852
1089 98000
1090 99262
1091 99004
1092 94816
1093 94601
1094 93617
1095 95503
1096 93817
1097 93221
1098 93646
1099 96390
1100 95865
1101 97790
1102 94883
1103 98943
1104 93895
1105 94817
1106 94702
1107 95762
1108 93892
1109 96235
1110 95326
1111 96122
1112 94606
1113 93277
1114 95106
1115 92546
1116 93537
1117 98158
1118 97001
1119 96452
1120 94659
1121 96406
1122 93904
1123 94707
1124 95525
1125 95762
1126 93616
1127 97048
1128 97696
1129 96125
1130 94096
1131 93504
1132 96077
1133 94884
1134 93480
1135 94514
1136 93453
1137 93526
1138 96843
1139 94767
1140 96521
1141 98603
1142 94437
1143 96620
1144 97166
1145 99080
1146 95107
1147 95321
1148 96046
1149 96697
1150 95567
1151 94896
1152 94820
1153 95485
1154 99424
1155 96649
1156 94314
1157 97643
1158 95090
1159 96642
1160 94938
1161 95964
1162 94228
1163 94425
1164 96527
1165 96341
1166 96394
1167 98622
1168 95796
1169 96437
1170 94250
1171 93411
1172 94800
1173 98600
1174 97847
1175 97749
1176 94557
1177 96278
1178 98374
1179 96431
1180 95685
1181 95782
1182 94632
1183 96488
1184 96416
1185 95413
1186 103256
1187 96248
1188 95710
1189 94910
1190 96033
1191 93041
1192 93819
1193 95266
1194 94576
1195 96462
1196 97020
1197 94777
1198 97165
1199 99395
