0 154653
1 151735
2 158898
3 156991
4 151529
5 156486
6 151018
7 153913
8 158482
9 151713
10 153745
11 158000
12 152302
13 156415
14 151414
15 159173
16 156157
17 156269
18 154255
19 153798
20 156835
21 159256
22 153977
23 156747
24 152041
25 153847
26 154540
27 154163
28 158634
29 151984
30 159346
31 156279
32 156725
33 159606
34 156305
35 159020
36 154531
37 154127
38 154273
39 154027
40 147659
41 17375
42 5242
43 3934
44 2908
45 2153
46 1399
47 1149
48 2161
49 2308
50 2301
51 2310
52 2306
53 2309
54 2306
55 2306
56 2316
57 1951
58 1657
59 2089
60 2249
61 2180
62 2308
63 2308
64 2248
65 2037
66 2253
67 2304
68 2252
69 2209
70 2280
71 2315
72 2261
73 2210
74 2297
75 2308
76 2268
77 2194
78 2349
79 2248
80 2212
81 2291
82 2311
83 2266
84 2184
85 2306
86 2270
87 2211
88 2302
89 2323
90 2265
91 2207
92 2304
93 87107
94 156022
95 153602
96 153923
97 156120
98 156111
99 152723
100 155165
101 150792
102 153253
103 151420
104 161122
105 156200
106 151093
107 157998
108 157636
109 152833
110 155451
111 157195
112 153121
113 153417
114 153287
115 161366
116 154489
117 155984
118 151506
119 154240
120 163303
121 156386
122 156681
123 155934
124 158707
125 162992
126 159717
127 151067
128 152999
129 152503
130 155841
131 155410
132 152518
133 153403
134 157901
135 159984
136 151057
137 151500
138 153395
139 158524
140 157344
141 157808
142 153560
143 151268
144 155760
145 154000
146 160430
147 153736
148 151167
149 150879
150 156294
151 153915
152 152796
153 151020
154 153498
155 157744
156 158105
157 151107
158 155369
159 153090
160 156626
161 152680
162 155505
163 152766
164 150340
165 155488
166 153387
167 154748
168 151244
169 162825
170 151078
171 151091
172 155153
173 152506
174 155367
175 155602
176 150622
177 155488
178 152900
179 155436
180 150898
181 157796
182 157745
183 152648
184 155348
185 152990
186 153532
187 160036
188 153589
189 153922
190 157810
191 155622
192 150709
193 155165
194 158419
195 154295
196 153574
197 151597
198 156538
199 158279
200 158950
201 151103
202 152404
203 155753
204 158480
205 152852
206 153176
207 157908
208 157601
209 167426
210 162657
211 160186
212 155333
213 155903
214 152870
215 153730
216 153048
217 153104
218 153385
219 153196
220 152854
221 157924
222 155049
223 153340
224 155684
225 151679
226 150909
227 151063
228 159714
229 155669
230 151002
231 152385
232 153177
233 155758
234 152865
235 162704
236 155546
237 157249
238 153287
239 153084
240 152866
241 150472
242 153143
243 155364
244 150951
245 157650
246 152635
247 155509
248 153879
249 152798
250 154254
251 155581
252 151073
253 156275
254 158437
255 153386
256 153807
257 155743
258 160698
259 153939
260 155670
261 155807
262 156397
263 153054
264 151448
265 153401
266 155884
267 160435
268 155837
269 159573
270 153060
271 150726
272 150156
273 152845
274 155617
275 153312
276 153947
277 156392
278 158193
279 155717
280 153054
281 155118
282 153236
283 151135
284 155117
285 153266
286 153132
287 155464
288 151070
289 150795
290 150207
291 153355
292 155399
293 157702
294 155541
295 155386
296 157875
297 155647
298 155011
299 150939
300 152475
301 157584
302 153040
303 155534
304 161854
305 153305
306 158727
307 157922
308 158587
309 151041
310 152941
311 160842
312 151478
313 155444
314 153814
315 153300
316 150467
317 151585
318 155719
319 150455
320 157876
321 160178
322 157767
323 153140
324 155678
325 150868
326 155826
327 151021
328 150742
329 150512
330 157620
331 155387
332 151104
333 155196
334 150457
335 153208
336 150712
337 155350
338 153468
339 157280
340 150392
341 153412
342 152942
343 152718
344 155925
345 153239
346 153418
347 153518
348 152974
349 150875
350 151310
351 155580
352 151083
353 153613
354 155571
355 156189
356 154089
357 155700
358 156204
359 155915
360 152680
361 150867
362 150861
363 155313
364 152969
365 153741
366 149848
367 153567
368 153353
369 150198
370 150851
371 155966
372 155718
373 151587
374 153733
375 155624
376 156174
377 161144
378 153448
379 151685
380 155904
381 155935
382 151644
383 156340
384 158622
385 158806
386 158603
387 153645
388 151695
389 156262
390 153781
391 154173
392 155741
393 153604
394 151664
395 156238
396 151429
397 153844
398 155383
399 152881
400 153192
401 153031
402 150687
403 160122
404 152712
405 160262
406 151492
407 157836
408 154087
409 156719
410 152552
411 157548
412 150646
413 155186
414 151059
415 153322
416 150189
417 157886
418 154003
419 153432
420 156401
421 155957
422 151148
423 160870
424 154020
425 153267
426 153905
427 153148
428 155968
429 151609
430 151443
431 165380
432 153890
433 153761
434 158233
435 151659
436 151429
437 150759
438 156251
439 157940
440 151451
441 156257
442 153953
443 153841
444 154282
445 158151
446 153307
447 151484
448 155848
449 154042
450 153865
451 153337
452 161150
453 156539
454 153427
455 156276
456 153506
457 156011
458 151639
459 166096
460 153318
461 158991
462 165938
463 151355
464 154082
465 158753
466 155580
467 151624
468 160900
469 153524
470 156244
471 158306
472 154001
473 153941
474 151387
475 153659
476 155824
477 151358
478 153762
479 154265
